89 255 93 93
6 94 48 48
28 152 49 49
35 75 48 48
53 92 48 48
197 8 48 48
180 221 48 48
218 54 56 56
551 126 56 56
598 130 48 48
635 157 49 49
924 554 105 105
667 155 53 53
856 203 48 48
737 162 48 48
865 138 54 54
949 141 50 50
1090 144 49 49
1910 64 58 58
1696 189 52 52
509 45 54 54
26 114 49 49
1949 122 58 58
184 187 48 48
1953 82 48 48
1008 211 51 51
2 71 50 50
1316 201 48 48
81 175 48 48
135 152 48 48
173 157 51 51
883 183 48 48
904 174 48 48
1008 141 54 54
1024 247 56 56
1306 147 48 48
576 84 48 48
345 16 57 57
1975 56 48 48
964 236 48 48
1968 190 48 48
1572 168 48 48
1209 262 52 52
1793 266 54 54
305 268 48 48
1803 17 83 83
1065 206 62 62
995 78 62 62
1847 220 62 62
556 222 62 62
53 241 62 62
1536 198 88 88
1881 152 108 108
1982 257 57 57
1702 198 101 101
1683 79 114 114
260 168 105 105
1881 237 116 116
72 56 178 178
1354 105 534 534
120 108 137 137
402 277 56 56
1102 314 48 48
1120 310 48 48
1235 286 48 48
946 307 52 52
1469 315 48 48
974 332 55 55
1986 327 48 48
984 353 48 48
1529 334 48 48
540 358 56 56
827 391 48 48
2 402 48 48
254 433 48 48
998 425 48 48
1330 433 50 50
1362 428 48 48
3 436 48 48
1990 422 50 50
1706 383 57 57
348 461 53 53
524 453 60 60
1077 385 48 48
1134 471 48 48
1167 455 48 48
1290 463 53 53
1496 458 53 53
525 383 52 52
32 447 57 57
823 417 54 54
1536 474 54 54
265 479 48 48
18 502 48 48
814 449 59 59
1403 476 54 54
1441 480 48 48
1995 473 48 48
1761 418 48 48
1389 516 48 48
1308 304 62 62
10 365 55 55
1192 517 48 48
1228 508 77 77
881 520 51 51
1160 428 57 57
1762 523 54 54
1947 534 48 48
491 294 105 105
389 515 60 60
1451 430 62 62
160 445 64 64
324 484 72 72
1892 327 118 118
708 440 97 97
1334 549 68 68
1816 559 63 63
305 426 109 109
1117 568 105 105
1334 574 73 73
1916 559 98 98
1894 433 116 116
1226 404 160 160
772 536 52 52
13 535 48 48
1384 522 178 178
1429 548 48 48
520 578 52 52
1907 532 56 56
708 597 52 52
1019 564 51 51
47 461 596 596
761 573 53 53
76 619 52 52
1844 592 55 55
12 612 48 48
819 616 52 52
560 592 52 52
44 678 50 50
383 580 56 56
199 665 52 52
952 633 48 48
887 563 48 48
309 658 57 57
417 658 64 64
1799 597 48 48
525 672 49 49
995 670 53 53
615 608 48 48
1096 647 54 54
1319 686 48 48
226 724 50 50
1414 665 50 50
610 641 54 54
1523 661 54 54
1666 686 48 48
1925 709 51 51
1867 665 48 48
838 739 53 53
846 621 48 48
870 612 59 59
1094 686 56 56
1692 725 66 66
731 669 48 48
1799 738 61 61
1861 701 48 48
574 760 62 62
1646 752 51 51
857 562 55 55
1997 704 48 48
1139 778 50 50
1192 765 48 48
1582 690 48 48
1541 754 48 48
908 689 55 55
1981 780 48 48
1409 512 62 62
1836 787 54 54
1054 610 60 60
1311 529 62 62
1928 783 48 48
750 559 62 62
1771 793 53 53
1507 791 50 50
1097 707 62 62
1418 573 107 107
894 794 52 52
467 654 81 81
1539 560 117 117
1966 742 62 62
1849 654 102 102
1085 616 113 113
1324 582 110 110
1898 636 116 116
1830 1043 83 83
1632 794 56 56
856 845 72 72
1247 796 62 62
1643 814 63 63
1496 809 76 76
99 863 81 81
768 744 105 105
922 818 49 49
1055 813 49 49
1450 820 48 48
988 839 48 48
1101 816 58 58
1922 806 55 55
1929 844 50 50
74 581 295 295
974 867 48 48
1021 846 54 54
1134 879 48 48
4 848 54 54
1643 857 81 81
1821 892 54 54
181 876 56 56
589 911 55 55
957 906 55 55
50 897 48 48
32 908 48 48
768 868 56 56
872 863 48 48
1270 851 48 48
538 863 56 56
1787 851 48 48
723 896 56 56
996 746 137 137
1874 870 51 51
1175 919 50 50
1554 910 53 53
1176 897 56 56
1250 893 55 55
1961 894 48 48
1697 869 57 57
806 888 55 55
528 906 53 53
734 924 48 48
765 924 48 48
63 936 48 48
104 903 52 52
783 923 52 52
865 919 65 65
1051 922 50 50
1396 893 62 62
496 940 52 52
1094 923 59 59
1090 960 50 50
1261 942 51 51
4 948 48 48
539 954 55 55
850 977 54 54
34 983 50 50
536 991 48 48
915 790 62 62
913 1015 52 52
1015 996 50 50
11 1029 51 51
248 1003 52 52
469 1008 52 52
1742 1008 51 51
1966 994 51 51
1836 948 48 48
1785 1014 51 51
883 978 51 51
1076 991 48 48
1154 1050 56 56
1297 1037 54 54
1986 1046 52 52
476 1041 50 50
798 977 62 62
298 966 54 54
43 1010 76 76
37 1073 66 66
1209 1040 87 87
637 885 68 68
971 879 72 72
1117 997 57 57
445 885 64 64
1848 864 100 100
1200 894 93 93
1256 918 120 120
516 1067 56 56
774 1071 54 54
901 913 94 94
1444 943 107 107
833 1050 59 59
47 964 104 104
1207 915 62 62
1040 953 62 62
1922 894 105 105
529 997 64 64
726 1009 81 81
240 990 109 109
111 1012 127 127
753 1018 99 99
1906 993 62 62
452 1098 60 60
1826 1079 81 81
262 1051 85 85
542 921 121 121
202 1084 72 72
1326 1121 95 95
1722 1093 54 54
1674 961 105 105
1416 1154 79 79
1007 1090 53 53
1108 1066 57 57
65 1108 48 48
900 1079 54 54
824 1102 50 50
319 1109 52 52
1069 1098 52 52
1191 1091 53 53
1620 920 137 137
565 1102 48 48
769 1106 48 48
1085 1134 54 54
260 850 260 260
45 1172 81 81
1769 1097 50 50
1300 1144 48 48
1741 1068 48 48
1395 921 291 291
899 1223 48 48
960 1217 48 48
1119 1228 50 50
1959 1210 49 49
278 1232 48 48
17 1240 48 48
50 1249 48 48
861 1228 57 57
762 1247 53 53
1006 1227 48 48
1260 1226 49 49
1363 1239 51 51
1586 1246 48 48
1771 1223 48 48
1867 1287 52 52
1855 1256 50 50
1226 1210 56 56
1478 1238 51 51
1291 1305 50 50
1540 1306 49 49
1602 1295 50 50
1907 1252 48 48
1994 1247 48 48
1151 1239 53 53
1394 1234 52 52
1082 1288 53 53
1147 1307 49 49
1720 1242 50 50
1159 1263 48 48
802 1243 48 48
1484 1285 48 48
1653 1308 48 48
1633 1249 53 53
1413 1308 48 48
1846 1215 73 73
1080 1311 48 48
1203 1123 114 114
1488 1315 48 48
658 1262 95 95
728 1263 96 96
574 1262 93 93
1118 1058 119 119
1884 1246 64 64
210 1194 132 132
1751 1260 68 68
314 1246 109 109
1445 1251 62 62
116 1174 158 158
